msd_2

0 1
0 -> 0
1 -> 1

1 0
0 -> 2
1 -> 3

2 1
0 -> 4
1 -> 5

3 0
0 -> 6
1 -> 7

4 0
0 -> 8
1 -> 9

5 0
0 -> 10
1 -> 11

6 1
0 -> 12
1 -> 13

7 0
0 -> 14
1 -> 15

8 0
0 -> 16
1 -> 17

9 1
0 -> 18
1 -> 19

10 0
0 -> 20
1 -> 21

11 0
0 -> 22
1 -> 23

12 0
0 -> 24
1 -> 25

13 1
0 -> 13
1 -> 14

14 0
0 -> 15
1 -> 16

15 1
0 -> 17
1 -> 18

16 1
0 -> 19
1 -> 20

17 0
0 -> 21
1 -> 22

18 0
0 -> 23
1 -> 24

19 1
0 -> 25
1 -> 0

20 0
0 -> 1
1 -> 2

21 0
0 -> 3
1 -> 4

22 1
0 -> 5
1 -> 6

23 0
0 -> 7
1 -> 8

24 0
0 -> 9
1 -> 10

25 0
0 -> 11
1 -> 12
