msd_2

0 1
0 -> 0
1 -> 1

1 0
0 -> 2
1 -> 3

2 1
0 -> 4
1 -> 5

3 1
0 -> 6
1 -> 7

4 0
0 -> 8
1 -> 9

5 0
0 -> 10
1 -> 11

6 1
0 -> 12
1 -> 13

7 0
0 -> 14
1 -> 15

8 1
0 -> 16
1 -> 17

9 0
0 -> 18
1 -> 19

10 0
0 -> 20
1 -> 21

11 1
0 -> 12
1 -> 22

12 1
0 -> 23
1 -> 24

13 0
0 -> 25
1 -> 26

14 1
0 -> 27
1 -> 19

15 0
0 -> 28
1 -> 29

16 0
0 -> 2
1 -> 30

17 1
0 -> 31
1 -> 5

18 0
0 -> 32
1 -> 33

19 0
0 -> 34
1 -> 9

20 1
0 -> 20
1 -> 21

21 0
0 -> 12
1 -> 22

22 1
0 -> 25
1 -> 26

23 0
0 -> 27
1 -> 19

24 1
0 -> 28
1 -> 29

25 1
0 -> 2
1 -> 30

26 0
0 -> 31
1 -> 5

27 1
0 -> 32
1 -> 33

28 0
0 -> 0
1 -> 1

29 1
0 -> 2
1 -> 3

30 0
0 -> 6
1 -> 7

31 1
0 -> 8
1 -> 9

32 0
0 -> 12
1 -> 13

33 1
0 -> 14
1 -> 15

34 0
0 -> 16
1 -> 17
