msd_2

0 1
0 -> 0
1 -> 1

1 0
0 -> 2
1 -> 3

2 1
0 -> 4
1 -> 5

3 0
0 -> 6
1 -> 7

4 1
0 -> 8
1 -> 9

5 1
0 -> 10
1 -> 11

6 0
0 -> 12
1 -> 13

7 1
0 -> 14
1 -> 15

8 0
0 -> 16
1 -> 17

9 1
0 -> 18
1 -> 19

10 0
0 -> 20
1 -> 21

11 0
0 -> 22
1 -> 23

12 1
0 -> 24
1 -> 25

13 0
0 -> 26
1 -> 27

14 1
0 -> 28
1 -> 29

15 0
0 -> 30
1 -> 31

16 0
0 -> 32
1 -> 33

17 1
0 -> 17
1 -> 18

18 0
0 -> 19
1 -> 20

19 1
0 -> 21
1 -> 22

20 0
0 -> 23
1 -> 24

21 1
0 -> 25
1 -> 26

22 1
0 -> 27
1 -> 28

23 0
0 -> 29
1 -> 30

24 1
0 -> 31
1 -> 32

25 0
0 -> 33
1 -> 0

26 1
0 -> 1
1 -> 2

27 1
0 -> 3
1 -> 4

28 0
0 -> 5
1 -> 6

29 1
0 -> 7
1 -> 8

30 0
0 -> 9
1 -> 10

31 1
0 -> 11
1 -> 12

32 0
0 -> 13
1 -> 14

33 0
0 -> 15
1 -> 16
