msd_2

0 1
0 -> 0
1 -> 1

1 1
0 -> 2
1 -> 3

2 0
0 -> 4
1 -> 5

3 0
0 -> 6
1 -> 7

4 0
0 -> 8
1 -> 9

5 1
0 -> 10
1 -> 11

6 1
0 -> 12
1 -> 13

7 0
0 -> 14
1 -> 15

8 0
0 -> 9
1 -> 16

9 0
0 -> 11
1 -> 17

10 1
0 -> 18
1 -> 19

11 0
0 -> 20
1 -> 21

12 0
0 -> 22
1 -> 23

13 0
0 -> 24
1 -> 25

14 1
0 -> 14
1 -> 15

15 1
0 -> 9
1 -> 16

16 0
0 -> 18
1 -> 19

17 1
0 -> 22
1 -> 23

18 1
0 -> 24
1 -> 25

19 0
0 -> 0
1 -> 1

20 0
0 -> 2
1 -> 3

21 1
0 -> 4
1 -> 5

22 1
0 -> 6
1 -> 7

23 1
0 -> 8
1 -> 9

24 0
0 -> 10
1 -> 11

25 0
0 -> 12
1 -> 13
