msd_2

0 1
0 -> 0
1 -> 1

1 0
0 -> 2
1 -> 3

2 1
0 -> 4
1 -> 5

3 0
0 -> 6
1 -> 7

4 0
0 -> 8
1 -> 9

5 1
0 -> 10
1 -> 7

6 0
0 -> 11
1 -> 12

7 0
0 -> 13
1 -> 3

8 0
0 -> 14
1 -> 15

9 1
0 -> 10
1 -> 16

10 0
0 -> 17
1 -> 18

11 1
0 -> 19
1 -> 20

12 0
0 -> 21
1 -> 3

13 0
0 -> 22
1 -> 23

14 1
0 -> 14
1 -> 15

15 0
0 -> 10
1 -> 16

16 1
0 -> 13
1 -> 3

17 0
0 -> 19
1 -> 20

18 1
0 -> 21
1 -> 3

19 0
0 -> 0
1 -> 1

20 1
0 -> 2
1 -> 3

21 0
0 -> 4
1 -> 5

22 1
0 -> 8
1 -> 9

23 0
0 -> 10
1 -> 7
