msd_2

0 1
0 -> 0
1 -> 1

1 0
0 -> 2
1 -> 3

2 1
0 -> 4
1 -> 5

3 1
0 -> 6
1 -> 7

4 0
0 -> 8
1 -> 9

5 1
0 -> 10
1 -> 11

6 0
0 -> 12
1 -> 13

7 1
0 -> 14
1 -> 15

8 1
0 -> 16
1 -> 17

9 0
0 -> 18
1 -> 19

10 1
0 -> 20
1 -> 21

11 0
0 -> 22
1 -> 23

12 0
0 -> 24
1 -> 16

13 1
0 -> 25
1 -> 26

14 0
0 -> 27
1 -> 2

15 1
0 -> 28
1 -> 29

16 0
0 -> 30
1 -> 31

17 0
0 -> 32
1 -> 33

18 1
0 -> 18
1 -> 19

19 0
0 -> 20
1 -> 21

20 1
0 -> 22
1 -> 23

21 1
0 -> 24
1 -> 16

22 0
0 -> 25
1 -> 26

23 1
0 -> 27
1 -> 2

24 0
0 -> 28
1 -> 29

25 1
0 -> 32
1 -> 33

26 0
0 -> 0
1 -> 1

27 1
0 -> 2
1 -> 3

28 0
0 -> 6
1 -> 7

29 1
0 -> 8
1 -> 9

30 0
0 -> 10
1 -> 11

31 1
0 -> 12
1 -> 13

32 0
0 -> 14
1 -> 15

33 0
0 -> 16
1 -> 17
