msd_2

0 1
0 -> 0
1 -> 1

1 1
0 -> 2
1 -> 3

2 1
0 -> 4
1 -> 5

3 0
0 -> 6
1 -> 7

4 0
0 -> 8
1 -> 9

5 1
0 -> 10
1 -> 11

6 1
0 -> 12
1 -> 13

7 1
0 -> 14
1 -> 15

8 0
0 -> 16
1 -> 17

9 0
0 -> 18
1 -> 19

10 0
0 -> 20
1 -> 13

11 1
0 -> 21
1 -> 22

12 1
0 -> 0
1 -> 23

13 0
0 -> 24
1 -> 25

14 0
0 -> 26
1 -> 27

15 0
0 -> 28
1 -> 29

16 1
0 -> 16
1 -> 17

17 1
0 -> 18
1 -> 19

18 1
0 -> 20
1 -> 13

19 0
0 -> 21
1 -> 22

20 0
0 -> 0
1 -> 23

21 1
0 -> 26
1 -> 27

22 1
0 -> 28
1 -> 29

23 0
0 -> 2
1 -> 3

24 0
0 -> 4
1 -> 5

25 1
0 -> 6
1 -> 7

26 1
0 -> 8
1 -> 9

27 0
0 -> 10
1 -> 11

28 0
0 -> 12
1 -> 13

29 0
0 -> 14
1 -> 15
