msd_2

0 1
0 -> 0
1 -> 1

1 0
0 -> 2
1 -> 3

2 1
0 -> 4
1 -> 5

3 1
0 -> 6
1 -> 7

4 1
0 -> 8
1 -> 9

5 0
0 -> 10
1 -> 11

6 1
0 -> 12
1 -> 13

7 1
0 -> 14
1 -> 15

8 1
0 -> 16
1 -> 17

9 0
0 -> 9
1 -> 18

10 0
0 -> 11
1 -> 12

11 1
0 -> 19
1 -> 20

12 0
0 -> 15
1 -> 16

13 0
0 -> 21
1 -> 0

14 0
0 -> 1
1 -> 22

15 1
0 -> 23
1 -> 4

16 0
0 -> 5
1 -> 24

17 0
0 -> 25
1 -> 8

18 1
0 -> 11
1 -> 12

19 1
0 -> 21
1 -> 0

20 1
0 -> 1
1 -> 22

21 1
0 -> 25
1 -> 8

22 0
0 -> 4
1 -> 5

23 0
0 -> 6
1 -> 7

24 0
0 -> 12
1 -> 13

25 0
0 -> 14
1 -> 15
