msd_2

0 1
0 -> 0
1 -> 1

1 0
0 -> 2
1 -> 3

2 1
0 -> 4
1 -> 5

3 1
0 -> 6
1 -> 7

4 0
0 -> 8
1 -> 9

5 1
0 -> 10
1 -> 11

6 0
0 -> 12
1 -> 13

7 0
0 -> 14
1 -> 15

8 1
0 -> 16
1 -> 17

9 0
0 -> 18
1 -> 19

10 0
0 -> 20
1 -> 21

11 1
0 -> 22
1 -> 13

12 0
0 -> 23
1 -> 24

13 1
0 -> 25
1 -> 17

14 1
0 -> 26
1 -> 19

15 0
0 -> 27
1 -> 28

16 1
0 -> 29
1 -> 3

17 0
0 -> 30
1 -> 31

18 0
0 -> 6
1 -> 32

19 0
0 -> 33
1 -> 9

20 1
0 -> 20
1 -> 21

21 0
0 -> 22
1 -> 13

22 1
0 -> 23
1 -> 24

23 0
0 -> 26
1 -> 19

24 1
0 -> 27
1 -> 28

25 0
0 -> 29
1 -> 3

26 1
0 -> 6
1 -> 32

27 0
0 -> 0
1 -> 1

28 1
0 -> 2
1 -> 3

29 0
0 -> 4
1 -> 5

30 1
0 -> 8
1 -> 9

31 0
0 -> 10
1 -> 11

32 1
0 -> 14
1 -> 15

33 0
0 -> 16
1 -> 17
