msd_2

0 1
0 -> 0
1 -> 1

1 0
0 -> 2
1 -> 3

2 1
0 -> 4
1 -> 5

3 0
0 -> 6
1 -> 7

4 0
0 -> 8
1 -> 9

5 1
0 -> 10
1 -> 11

6 0
0 -> 12
1 -> 13

7 1
0 -> 14
1 -> 15

8 1
0 -> 16
1 -> 17

9 0
0 -> 18
1 -> 19

10 1
0 -> 20
1 -> 21

11 0
0 -> 22
1 -> 23

12 0
0 -> 24
1 -> 25

13 1
0 -> 26
1 -> 27

14 0
0 -> 28
1 -> 29

15 1
0 -> 30
1 -> 31

16 0
0 -> 32
1 -> 33

17 0
0 -> 34
1 -> 35

18 1
0 -> 36
1 -> 37

19 0
0 -> 38
1 -> 39

20 0
0 -> 40
1 -> 41

21 1
0 -> 21
1 -> 22

22 0
0 -> 23
1 -> 24

23 1
0 -> 25
1 -> 26

24 0
0 -> 27
1 -> 28

25 0
0 -> 29
1 -> 30

26 1
0 -> 31
1 -> 32

27 0
0 -> 33
1 -> 34

28 1
0 -> 35
1 -> 36

29 1
0 -> 37
1 -> 38

30 0
0 -> 39
1 -> 40

31 1
0 -> 41
1 -> 0

32 0
0 -> 1
1 -> 2

33 0
0 -> 3
1 -> 4

34 1
0 -> 5
1 -> 6

35 0
0 -> 7
1 -> 8

36 1
0 -> 9
1 -> 10

37 1
0 -> 11
1 -> 12

38 0
0 -> 13
1 -> 14

39 1
0 -> 15
1 -> 16

40 0
0 -> 17
1 -> 18

41 0
0 -> 19
1 -> 20
