msd_2

0 1
0 -> 0
1 -> 1

1 1
0 -> 2
1 -> 3

2 0
0 -> 4
1 -> 5

3 0
0 -> 6
1 -> 7

4 1
0 -> 8
1 -> 9

5 0
0 -> 10
1 -> 11

6 0
0 -> 12
1 -> 13

7 1
0 -> 14
1 -> 15

8 1
0 -> 16
1 -> 17

9 0
0 -> 18
1 -> 19

10 0
0 -> 20
1 -> 21

11 0
0 -> 22
1 -> 23

12 1
0 -> 24
1 -> 25

13 0
0 -> 26
1 -> 27

14 0
0 -> 28
1 -> 29

15 1
0 -> 30
1 -> 31

16 1
0 -> 32
1 -> 33

17 0
0 -> 34
1 -> 35

18 0
0 -> 36
1 -> 37

19 1
0 -> 38
1 -> 39

20 0
0 -> 40
1 -> 41

21 0
0 -> 42
1 -> 43

22 0
0 -> 44
1 -> 45

23 1
0 -> 23
1 -> 24

24 1
0 -> 25
1 -> 26

25 0
0 -> 27
1 -> 28

26 0
0 -> 29
1 -> 30

27 1
0 -> 31
1 -> 32

28 0
0 -> 33
1 -> 34

29 0
0 -> 35
1 -> 36

30 1
0 -> 37
1 -> 38

31 1
0 -> 39
1 -> 40

32 1
0 -> 41
1 -> 42

33 0
0 -> 43
1 -> 44

34 0
0 -> 45
1 -> 0

35 1
0 -> 1
1 -> 2

36 0
0 -> 3
1 -> 4

37 0
0 -> 5
1 -> 6

38 1
0 -> 7
1 -> 8

39 1
0 -> 9
1 -> 10

40 0
0 -> 11
1 -> 12

41 0
0 -> 13
1 -> 14

42 1
0 -> 15
1 -> 16

43 0
0 -> 17
1 -> 18

44 0
0 -> 19
1 -> 20

45 0
0 -> 21
1 -> 22
