msd_2

0 1
0 -> 0
1 -> 1

1 1
0 -> 2
1 -> 3

2 1
0 -> 4
1 -> 5

3 0
0 -> 6
1 -> 7

4 0
0 -> 8
1 -> 9

5 0
0 -> 10
1 -> 11

6 1
0 -> 12
1 -> 13

7 1
0 -> 14
1 -> 15

8 1
0 -> 8
1 -> 16

9 0
0 -> 17
1 -> 11

10 0
0 -> 18
1 -> 13

11 0
0 -> 19
1 -> 20

12 1
0 -> 0
1 -> 21

13 0
0 -> 22
1 -> 23

14 0
0 -> 24
1 -> 5

15 0
0 -> 25
1 -> 26

16 1
0 -> 17
1 -> 11

17 1
0 -> 18
1 -> 13

18 0
0 -> 0
1 -> 21

19 1
0 -> 24
1 -> 5

20 1
0 -> 25
1 -> 26

21 0
0 -> 2
1 -> 3

22 0
0 -> 4
1 -> 5

23 1
0 -> 6
1 -> 7

24 1
0 -> 8
1 -> 9

25 0
0 -> 12
1 -> 13

26 0
0 -> 14
1 -> 15
