msd_2

0 1
0 -> 0
1 -> 1

1 0
0 -> 2
1 -> 3

2 0
0 -> 4
1 -> 5

3 1
0 -> 6
1 -> 7

4 1
0 -> 8
1 -> 9

5 0
0 -> 10
1 -> 11

6 0
0 -> 12
1 -> 13

7 1
0 -> 14
1 -> 15

8 0
0 -> 16
1 -> 17

9 0
0 -> 18
1 -> 10

10 1
0 -> 19
1 -> 20

11 1
0 -> 21
1 -> 22

12 0
0 -> 15
1 -> 23

13 0
0 -> 17
1 -> 24

14 1
0 -> 25
1 -> 26

15 0
0 -> 27
1 -> 28

16 0
0 -> 29
1 -> 6

17 0
0 -> 30
1 -> 8

18 1
0 -> 18
1 -> 10

19 0
0 -> 21
1 -> 22

20 1
0 -> 15
1 -> 23

21 1
0 -> 17
1 -> 24

22 0
0 -> 25
1 -> 26

23 1
0 -> 29
1 -> 6

24 0
0 -> 0
1 -> 1

25 1
0 -> 2
1 -> 3

26 1
0 -> 4
1 -> 5

27 0
0 -> 6
1 -> 7

28 0
0 -> 8
1 -> 9

29 1
0 -> 10
1 -> 11

30 0
0 -> 14
1 -> 15
