msd_2

0 1
0 -> 0
1 -> 1

1 0
0 -> 2
1 -> 3

2 1
0 -> 4
1 -> 5

3 0
0 -> 6
1 -> 7

4 1
0 -> 8
1 -> 9

5 1
0 -> 10
1 -> 11

6 0
0 -> 12
1 -> 13

7 1
0 -> 14
1 -> 15

8 0
0 -> 16
1 -> 17

9 0
0 -> 18
1 -> 19

10 1
0 -> 20
1 -> 21

11 0
0 -> 13
1 -> 22

12 1
0 -> 23
1 -> 24

13 0
0 -> 25
1 -> 26

14 0
0 -> 27
1 -> 28

15 1
0 -> 29
1 -> 30

16 0
0 -> 31
1 -> 32

17 0
0 -> 33
1 -> 8

18 1
0 -> 18
1 -> 19

19 0
0 -> 20
1 -> 21

20 1
0 -> 13
1 -> 22

21 0
0 -> 23
1 -> 24

22 1
0 -> 27
1 -> 28

23 0
0 -> 29
1 -> 30

24 1
0 -> 31
1 -> 32

25 1
0 -> 33
1 -> 8

26 0
0 -> 0
1 -> 1

27 1
0 -> 2
1 -> 3

28 0
0 -> 4
1 -> 5

29 1
0 -> 6
1 -> 7

30 0
0 -> 8
1 -> 9

31 0
0 -> 10
1 -> 11

32 1
0 -> 12
1 -> 13

33 0
0 -> 14
1 -> 15
