msd_2

0 1
0 -> 0
1 -> 1

1 1
0 -> 2
1 -> 3

2 1
0 -> 4
1 -> 5

3 0
0 -> 6
1 -> 7

4 0
0 -> 8
1 -> 9

5 1
0 -> 10
1 -> 11

6 0
0 -> 12
1 -> 13

7 0
0 -> 14
1 -> 15

8 1
0 -> 16
1 -> 17

9 1
0 -> 18
1 -> 19

10 0
0 -> 20
1 -> 21

11 1
0 -> 11
1 -> 22

12 0
0 -> 23
1 -> 24

13 0
0 -> 25
1 -> 26

14 1
0 -> 17
1 -> 27

15 1
0 -> 28
1 -> 29

16 0
0 -> 21
1 -> 0

17 0
0 -> 30
1 -> 31

18 1
0 -> 32
1 -> 33

19 0
0 -> 34
1 -> 35

20 0
0 -> 36
1 -> 37

21 0
0 -> 38
1 -> 10

22 1
0 -> 23
1 -> 24

23 1
0 -> 25
1 -> 26

24 0
0 -> 17
1 -> 27

25 0
0 -> 28
1 -> 29

26 1
0 -> 21
1 -> 0

27 0
0 -> 32
1 -> 33

28 1
0 -> 34
1 -> 35

29 1
0 -> 36
1 -> 37

30 0
0 -> 2
1 -> 3

31 0
0 -> 4
1 -> 5

32 1
0 -> 6
1 -> 7

33 1
0 -> 8
1 -> 9

34 0
0 -> 10
1 -> 11

35 1
0 -> 12
1 -> 13

36 1
0 -> 14
1 -> 15

37 0
0 -> 16
1 -> 17

38 0
0 -> 18
1 -> 19
