msd_2

0 1
0 -> 0
1 -> 1

1 0
0 -> 2
1 -> 3

2 1
0 -> 4
1 -> 5

3 1
0 -> 6
1 -> 7

4 0
0 -> 8
1 -> 9

5 1
0 -> 10
1 -> 11

6 1
0 -> 12
1 -> 13

7 0
0 -> 14
1 -> 15

8 1
0 -> 16
1 -> 17

9 0
0 -> 18
1 -> 19

10 0
0 -> 13
1 -> 20

11 1
0 -> 21
1 -> 2

12 0
0 -> 22
1 -> 23

13 0
0 -> 24
1 -> 25

14 1
0 -> 14
1 -> 15

15 0
0 -> 16
1 -> 17

16 1
0 -> 18
1 -> 19

17 1
0 -> 13
1 -> 20

18 0
0 -> 21
1 -> 2

19 1
0 -> 22
1 -> 23

20 0
0 -> 0
1 -> 1

21 1
0 -> 2
1 -> 3

22 0
0 -> 6
1 -> 7

23 1
0 -> 8
1 -> 9

24 0
0 -> 10
1 -> 11

25 0
0 -> 12
1 -> 13
