msd_2

0 1
0 -> 0
1 -> 1

1 1
0 -> 2
1 -> 3

2 0
0 -> 4
1 -> 5

3 0
0 -> 6
1 -> 7

4 1
0 -> 8
1 -> 9

5 1
0 -> 10
1 -> 11

6 0
0 -> 12
1 -> 13

7 0
0 -> 14
1 -> 15

8 0
0 -> 16
1 -> 17

9 1
0 -> 18
1 -> 19

10 0
0 -> 20
1 -> 21

11 0
0 -> 22
1 -> 23

12 0
0 -> 24
1 -> 25

13 1
0 -> 15
1 -> 26

14 1
0 -> 27
1 -> 28

15 0
0 -> 19
1 -> 29

16 0
0 -> 21
1 -> 30

17 0
0 -> 31
1 -> 32

18 1
0 -> 33
1 -> 34

19 0
0 -> 35
1 -> 6

20 0
0 -> 36
1 -> 8

21 0
0 -> 37
1 -> 10

22 1
0 -> 22
1 -> 23

23 1
0 -> 24
1 -> 25

24 0
0 -> 15
1 -> 26

25 0
0 -> 27
1 -> 28

26 1
0 -> 21
1 -> 30

27 1
0 -> 31
1 -> 32

28 0
0 -> 33
1 -> 34

29 1
0 -> 36
1 -> 8

30 0
0 -> 0
1 -> 1

31 0
0 -> 2
1 -> 3

32 1
0 -> 4
1 -> 5

33 1
0 -> 6
1 -> 7

34 0
0 -> 8
1 -> 9

35 0
0 -> 10
1 -> 11

36 1
0 -> 14
1 -> 15

37 0
0 -> 18
1 -> 19
